<?xml version="1.0" encoding="UTF-8"?>
<data display_name_loc="0" bounding_radius="1.00000000e+01" lod_scale="1.00000000e+00" ai_type="0">
	<bodies>
		<body mass="1.00000000e+00" name="body" is_static="true">
			<transform m00="1.00000000e+00" m01="0.00000000e+00" m02="0.00000000e+00" m10="0.00000000e+00" m11="1.00000000e+00" m12="0.00000000e+00" m20="0.00000000e+00" m21="0.00000000e+00" m22="1.00000000e+00" tx="0.00000000e+00" ty="0.00000000e+00" tz="0.00000000e+00"/>
			<meshes/>
			<boxes>
				<box>
					<size x="1.00000000e+00" y="1.00000000e+00" z="1.00000000e+00"/>
					<transform m00="1.00000000e+00" m01="0.00000000e+00" m02="0.00000000e+00" m10="0.00000000e+00" m11="1.00000000e+00" m12="0.00000000e+00" m20="0.00000000e+00" m21="0.00000000e+00" m22="1.00000000e+00" tx="0.00000000e+00" ty="0.00000000e+00" tz="0.00000000e+00"/>
				</box>
			</boxes>
			<spheres/>
		</body>
	</bodies>
	<constraints/>
	<meshes>
		<mesh file="meshes/spaceship/spaceship/spaceship.mesh" name="spaceship" lod="0" body="0" is_paint_dirt="false">
			<transform m00="1.00000000e+00" m01="0.00000000e+00" m02="0.00000000e+00" m10="0.00000000e+00" m11="1.00000000e+00" m12="0.00000000e+00" m20="0.00000000e+00" m21="0.00000000e+00" m22="1.00000000e+00" tx="0.00000000e+00" ty="0.00000000e+00" tz="0.00000000e+00"/>
		</mesh>
		<mesh file="meshes/spaceship/spaceship/spaceship_additive_cockpit_left.mesh" name="additive_l" lod="0" body="0" is_paint_dirt="false">
			<transform m00="1.00000000e+00" m01="0.00000000e+00" m02="0.00000000e+00" m10="0.00000000e+00" m11="1.00000000e+00" m12="0.00000000e+00" m20="0.00000000e+00" m21="0.00000000e+00" m22="1.00000000e+00" tx="0.00000000e+00" ty="0.00000000e+00" tz="0.00000000e+00"/>
		</mesh>
		<mesh file="meshes/spaceship/spaceship/spaceship_additive_cockpit_right.mesh" name="additive_r" lod="0" body="0" is_paint_dirt="false">
			<transform m00="1.00000000e+00" m01="0.00000000e+00" m02="0.00000000e+00" m10="0.00000000e+00" m11="1.00000000e+00" m12="0.00000000e+00" m20="0.00000000e+00" m21="0.00000000e+00" m22="1.00000000e+00" tx="0.00000000e+00" ty="0.00000000e+00" tz="0.00000000e+00"/>
		</mesh>
		<mesh file="meshes/spaceship/spaceship/spaceship_additive_overhead_left.mesh" name="additive_ol" lod="0" body="0" is_paint_dirt="false">
			<transform m00="1.00000000e+00" m01="0.00000000e+00" m02="0.00000000e+00" m10="0.00000000e+00" m11="1.00000000e+00" m12="0.00000000e+00" m20="0.00000000e+00" m21="0.00000000e+00" m22="1.00000000e+00" tx="0.00000000e+00" ty="0.00000000e+00" tz="0.00000000e+00"/>
		</mesh>
		<mesh file="meshes/spaceship/spaceship/spaceship_additive_overhead_right.mesh" name="additive_or" lod="0" body="0" is_paint_dirt="false">
			<transform m00="1.00000000e+00" m01="0.00000000e+00" m02="0.00000000e+00" m10="0.00000000e+00" m11="1.00000000e+00" m12="0.00000000e+00" m20="0.00000000e+00" m21="0.00000000e+00" m22="1.00000000e+00" tx="0.00000000e+00" ty="0.00000000e+00" tz="0.00000000e+00"/>
		</mesh>
		<mesh file="meshes/spaceship/spaceship/spaceship_additive_screens.mesh" name="additive_screens" lod="0" body="0" is_paint_dirt="false">
			<transform m00="1.00000000e+00" m01="0.00000000e+00" m02="0.00000000e+00" m10="0.00000000e+00" m11="1.00000000e+00" m12="0.00000000e+00" m20="0.00000000e+00" m21="0.00000000e+00" m22="1.00000000e+00" tx="0.00000000e+00" ty="0.00000000e+00" tz="0.00000000e+00"/>
		</mesh>
	</meshes>
	<wheels/>
	<attachments/>
	<force_emitters/>
	<control_surfaces/>
	<projectile_emitters/>
	<cameras/>
	<buoyancys/>
	<vehicle_attachments/>
	<lights>
		<light name="mid_light_l" body_index="0" scale="2.00000000e+00" is_spotlight="false" is_bounds="false" is_volume="false" fov="7.85398185e-01">
			<transform m00="1.00000000e+00" m01="0.00000000e+00" m02="0.00000000e+00" m10="0.00000000e+00" m11="1.00000000e+00" m12="0.00000000e+00" m20="0.00000000e+00" m21="0.00000000e+00" m22="1.00000000e+00" tx="1.65712368e+00" ty="9.73143399e-01" tz="2.35355482e-01"/>
			<color x="5.00000000e-01" y="8.00000012e-01" z="1.00000000e+00"/>
			<bounds_min x="0.00000000e+00" y="0.00000000e+00" z="0.00000000e+00"/>
			<bounds_max x="0.00000000e+00" y="0.00000000e+00" z="0.00000000e+00"/>
		</light>
		<light name="mid_light_r" body_index="0" scale="2.00000000e+00" is_spotlight="false" is_bounds="false" is_volume="false" fov="7.85398185e-01">
			<transform m00="1.00000000e+00" m01="0.00000000e+00" m02="0.00000000e+00" m10="0.00000000e+00" m11="1.00000000e+00" m12="0.00000000e+00" m20="0.00000000e+00" m21="0.00000000e+00" m22="1.00000000e+00" tx="-3.90705526e-01" ty="9.56993282e-01" tz="2.34999999e-01"/>
			<color x="5.00000000e-01" y="8.00000012e-01" z="1.00000000e+00"/>
			<bounds_min x="0.00000000e+00" y="0.00000000e+00" z="0.00000000e+00"/>
			<bounds_max x="0.00000000e+00" y="0.00000000e+00" z="0.00000000e+00"/>
		</light>
		<light name="front_light_l" body_index="0" scale="2.00000000e+00" is_spotlight="false" is_bounds="false" is_volume="false" fov="7.85398185e-01">
			<transform m00="1.00000000e+00" m01="0.00000000e+00" m02="0.00000000e+00" m10="0.00000000e+00" m11="1.00000000e+00" m12="0.00000000e+00" m20="0.00000000e+00" m21="0.00000000e+00" m22="1.00000000e+00" tx="1.76307034e+00" ty="1.26246488e+00" tz="-3.29801917e+00"/>
			<color x="5.00000000e-01" y="8.00000012e-01" z="1.00000000e+00"/>
			<bounds_min x="0.00000000e+00" y="0.00000000e+00" z="0.00000000e+00"/>
			<bounds_max x="0.00000000e+00" y="0.00000000e+00" z="0.00000000e+00"/>
		</light>
		<light name="front_light_r" body_index="0" scale="2.00000000e+00" is_spotlight="false" is_bounds="false" is_volume="false" fov="7.85398185e-01">
			<transform m00="1.00000000e+00" m01="0.00000000e+00" m02="0.00000000e+00" m10="0.00000000e+00" m11="1.00000000e+00" m12="0.00000000e+00" m20="0.00000000e+00" m21="0.00000000e+00" m22="1.00000000e+00" tx="-4.93587226e-01" ty="1.26428449e+00" tz="-3.29800010e+00"/>
			<color x="5.00000000e-01" y="8.00000012e-01" z="1.00000000e+00"/>
			<bounds_min x="0.00000000e+00" y="0.00000000e+00" z="0.00000000e+00"/>
			<bounds_max x="0.00000000e+00" y="0.00000000e+00" z="0.00000000e+00"/>
		</light>
		<light name="rear_light_l" body_index="0" scale="2.00000000e+00" is_spotlight="false" is_bounds="false" is_volume="false" fov="7.85398185e-01">
			<transform m00="1.00000000e+00" m01="0.00000000e+00" m02="0.00000000e+00" m10="0.00000000e+00" m11="1.00000000e+00" m12="0.00000000e+00" m20="0.00000000e+00" m21="0.00000000e+00" m22="1.00000000e+00" tx="2.39169383e+00" ty="9.92827177e-01" tz="5.09992266e+00"/>
			<color x="5.00000000e-01" y="8.00000012e-01" z="1.00000000e+00"/>
			<bounds_min x="0.00000000e+00" y="0.00000000e+00" z="0.00000000e+00"/>
			<bounds_max x="0.00000000e+00" y="0.00000000e+00" z="0.00000000e+00"/>
		</light>
		<light name="rear_light_r" body_index="0" scale="2.00000000e+00" is_spotlight="false" is_bounds="false" is_volume="false" fov="7.85398185e-01">
			<transform m00="1.00000000e+00" m01="0.00000000e+00" m02="0.00000000e+00" m10="0.00000000e+00" m11="1.00000000e+00" m12="0.00000000e+00" m20="0.00000000e+00" m21="0.00000000e+00" m22="1.00000000e+00" tx="-1.10705245e+00" ty="9.99604106e-01" tz="5.10400009e+00"/>
			<color x="5.00000000e-01" y="8.00000012e-01" z="1.00000000e+00"/>
			<bounds_min x="0.00000000e+00" y="0.00000000e+00" z="0.00000000e+00"/>
			<bounds_max x="0.00000000e+00" y="0.00000000e+00" z="0.00000000e+00"/>
		</light>
	</lights>
	<seats>
		<seat name="seat_pilot" display_name_loc="0" type="7">
			<transform m00="-1.00000000e+00" m01="0.00000000e+00" m02="-8.74227766e-08" m10="0.00000000e+00" m11="1.00000000e+00" m12="0.00000000e+00" m20="8.74227766e-08" m21="0.00000000e+00" m22="-1.00000000e+00" tx="6.38215780e-01" ty="-1.22483003e+00" tz="-5.24536943e+00"/>
		</seat>
	</seats>
	<button_panels>
		<button_panel name="screen_panel_r_1" body_index="0" texture="">
			<transform m00="1.00000000e+00" m01="0.00000000e+00" m02="0.00000000e+00" m10="0.00000000e+00" m11="9.04967904e-01" m12="-4.25479800e-01" m20="0.00000000e+00" m21="4.25479800e-01" m22="9.04967904e-01" tx="-3.51126194e-02" ty="-5.03320277e-01" tz="-6.18163252e+00"/>
			<size x="4.49999988e-01" y="7.00000003e-02" z="1.00000001e-01"/>
		</button_panel>
		<button_panel name="screen_panel_r_2" body_index="0" texture="">
			<transform m00="1.00000000e+00" m01="0.00000000e+00" m02="0.00000000e+00" m10="0.00000000e+00" m11="9.04967904e-01" m12="-4.25479800e-01" m20="0.00000000e+00" m21="4.25479800e-01" m22="9.04967904e-01" tx="-5.80374479e-01" ty="-5.03130317e-01" tz="-6.18122816e+00"/>
			<size x="4.49999988e-01" y="7.00000003e-02" z="1.00000001e-01"/>
		</button_panel>
		<button_panel name="screen_panel_l_1" body_index="0" texture="">
			<transform m00="1.00000000e+00" m01="0.00000000e+00" m02="0.00000000e+00" m10="0.00000000e+00" m11="9.04967904e-01" m12="-4.25479800e-01" m20="0.00000000e+00" m21="4.25479800e-01" m22="9.04967904e-01" tx="1.33300257e+00" ty="-5.03330410e-01" tz="-6.18165398e+00"/>
			<size x="4.49999988e-01" y="7.00000003e-02" z="1.00000001e-01"/>
		</button_panel>
		<button_panel name="screen_panel_l_2" body_index="0" texture="">
			<transform m00="1.00000000e+00" m01="0.00000000e+00" m02="0.00000000e+00" m10="0.00000000e+00" m11="9.04967904e-01" m12="-4.25479800e-01" m20="0.00000000e+00" m21="4.25479800e-01" m22="9.04967904e-01" tx="1.87600029e+00" ty="-5.03120899e-01" tz="-6.18120813e+00"/>
			<size x="4.49999988e-01" y="7.00000003e-02" z="1.00000001e-01"/>
		</button_panel>
		<button_panel name="screen_panel_mid" body_index="0" texture="">
			<transform m00="1.00000000e+00" m01="0.00000000e+00" m02="0.00000000e+00" m10="0.00000000e+00" m11="9.04967904e-01" m12="-4.25479800e-01" m20="0.00000000e+00" m21="4.25479800e-01" m22="9.04967904e-01" tx="6.40248775e-01" ty="-3.24222982e-01" tz="-6.26856804e+00"/>
			<size x="4.49999988e-01" y="7.00000003e-02" z="1.00000001e-01"/>
		</button_panel>
		<button_panel name="chair_right_back" body_index="0" texture="spaceship_right_back">
			<transform m00="-1.00000000e+00" m01="0.00000000e+00" m02="-8.74227766e-08" m10="0.00000000e+00" m11="1.00000000e+00" m12="0.00000000e+00" m20="8.74227766e-08" m21="0.00000000e+00" m22="-1.00000000e+00" tx="-9.68627781e-02" ty="-8.76291394e-01" tz="-5.09147978e+00"/>
			<size x="3.49999994e-01" y="1.00000001e-01" z="4.49999988e-01"/>
		</button_panel>
		<button_panel name="chair_left_back" body_index="0" texture="spaceship_right_back">
			<transform m00="-1.00000000e+00" m01="0.00000000e+00" m02="-8.74227766e-08" m10="0.00000000e+00" m11="1.00000000e+00" m12="0.00000000e+00" m20="8.74227766e-08" m21="0.00000000e+00" m22="-1.00000000e+00" tx="1.37263942e+00" ty="-8.75999987e-01" tz="-5.09147978e+00"/>
			<size x="3.49999994e-01" y="1.00000001e-01" z="4.49999988e-01"/>
		</button_panel>
		<button_panel name="front_square" body_index="0" texture="spaceship_front_square">
			<transform m00="1.00000000e+00" m01="0.00000000e+00" m02="0.00000000e+00" m10="0.00000000e+00" m11="4.21409190e-01" m12="9.06870604e-01" m20="0.00000000e+00" m21="-9.06870604e-01" m22="4.21409190e-01" tx="5.32689095e-01" ty="-4.70843136e-01" tz="-6.21908426e+00"/>
			<size x="2.50000000e-01" y="1.00000001e-01" z="2.00000003e-01"/>
		</button_panel>
		<button_panel name="front_engine" body_index="0" texture="spaceship_front_engine">
			<transform m00="-1.00000000e+00" m01="7.91261030e-08" m02="-3.71726010e-08" m10="0.00000000e+00" m11="4.25204933e-01" m12="9.05097008e-01" m20="8.74227766e-08" m21="9.05097067e-01" m22="-4.25204962e-01" tx="7.73020029e-01" ty="-4.64593470e-01" tz="-6.19001484e+00"/>
			<size x="1.50000006e-01" y="1.00000001e-01" z="1.19999997e-01"/>
		</button_panel>
		<button_panel name="button_panel" body_index="0" texture="spaceship_chair_right_front">
			<transform m00="-1.00000000e+00" m01="0.00000000e+00" m02="-8.74227766e-08" m10="-4.34812325e-10" m11="9.99987602e-01" m12="4.97367326e-03" m20="8.74216965e-08" m21="4.97367326e-03" m22="-9.99987602e-01" tx="-3.08498889e-01" ty="-8.77274632e-01" tz="-5.83118296e+00"/>
			<size x="3.49999994e-01" y="1.00000001e-01" z="3.49999994e-01"/>
		</button_panel>
		<button_panel name="chair_right_front_1" body_index="0" texture="spaceship_right_2">
			<transform m00="9.18805957e-01" m01="-3.94709587e-01" m02="2.53781182e-04" m10="3.94683719e-01" m11="9.18752730e-01" m12="1.08754756e-02" m20="-4.52581653e-03" m21="-9.89228766e-03" m22="9.99940813e-01" tx="-8.60348940e-01" ty="-7.29913116e-01" tz="-5.19673586e+00"/>
			<size x="2.00000003e-01" y="1.00000001e-01" z="3.00000012e-01"/>
		</button_panel>
		<button_panel name="chair_right_front_1" body_index="0" texture="spaceship_right_2">
			<transform m00="9.17919219e-01" m01="3.96767050e-01" m02="-6.50184287e-04" m10="-3.96737278e-01" m11="9.17868018e-01" m12="1.08589884e-02" m20="4.90527181e-03" m21="-9.70972050e-03" m22="9.99940813e-01" tx="2.14396882e+00" ty="-7.32872605e-01" tz="-5.19653130e+00"/>
			<size x="2.00000003e-01" y="1.00000001e-01" z="3.00000012e-01"/>
		</button_panel>
		<button_panel name="front_side_left" body_index="0" texture="spaceship_front_side">
			<transform m00="-1.00000000e+00" m01="-8.09588201e-08" m02="3.29910890e-08" m10="-3.27175664e-09" m11="4.11767095e-01" m12="9.11289096e-01" m20="-8.73615349e-08" m21="9.11289096e-01" m22="-4.11767095e-01" tx="1.95439363e+00" ty="-6.94559991e-01" tz="-6.13736677e+00"/>
			<size x="1.00000001e-01" y="1.00000001e-01" z="2.00000003e-01"/>
		</button_panel>
		<button_panel name="front_side_right" body_index="0" texture="spaceship_front_side">
			<transform m00="1.00000000e+00" m01="1.60626243e-07" m02="-6.89889177e-08" m10="-3.27175642e-09" m11="4.11767066e-01" m12="9.11289036e-01" m20="1.74784304e-07" m21="-9.11289096e-01" m22="4.11767095e-01" tx="-6.45698309e-01" ty="-6.96212649e-01" tz="-6.13914585e+00"/>
			<size x="1.00000001e-01" y="1.00000001e-01" z="2.00000003e-01"/>
		</button_panel>
		<button_panel name="decal" body_index="0" texture="spaceship_front_side">
			<transform m00="7.97404170e-01" m01="-6.01869166e-01" m02="4.35898118e-02" m10="5.94159067e-01" m11="7.95705557e-01" m12="1.17590025e-01" m20="-1.05458476e-01" m21="-6.78675026e-02" m22="9.92105067e-01" tx="-9.50517714e-01" ty="-6.37786508e-01" tz="-5.89376640e+00"/>
			<size x="1.00000001e-01" y="1.00000001e-01" z="2.00000003e-01"/>
		</button_panel>
		<button_panel name="decal" body_index="0" texture="spaceship_front_side">
			<transform m00="-4.37113883e-08" m01="0.00000000e+00" m02="1.00000000e+00" m10="0.00000000e+00" m11="1.00000000e+00" m12="0.00000000e+00" m20="-1.00000000e+00" m21="0.00000000e+00" m22="-4.37113883e-08" tx="1.64847195e+00" ty="-8.72345865e-01" tz="-5.97093391e+00"/>
			<size x="1.00000001e-01" y="1.00000001e-01" z="2.00000003e-01"/>
		</button_panel>
		<button_panel name="decal" body_index="0" texture="spaceship_front_side">
			<transform m00="-4.37113883e-08" m01="0.00000000e+00" m02="1.00000000e+00" m10="0.00000000e+00" m11="1.00000000e+00" m12="0.00000000e+00" m20="-1.00000000e+00" m21="0.00000000e+00" m22="-4.37113883e-08" tx="1.36570144e+00" ty="-8.71082127e-01" tz="-5.96978092e+00"/>
			<size x="1.00000001e-01" y="1.00000001e-01" z="2.00000003e-01"/>
		</button_panel>
		<button_panel name="decal" body_index="0" texture="spaceship_front_side">
			<transform m00="-4.37113883e-08" m01="0.00000000e+00" m02="1.00000000e+00" m10="0.00000000e+00" m11="1.00000000e+00" m12="0.00000000e+00" m20="-1.00000000e+00" m21="0.00000000e+00" m22="-4.37113883e-08" tx="-1.91655513e-02" ty="-8.75382006e-01" tz="-5.74303961e+00"/>
			<size x="1.00000001e-01" y="1.00000001e-01" z="2.00000003e-01"/>
		</button_panel>
		<button_panel name="decal" body_index="0" texture="spaceship_front_side">
			<transform m00="-4.37113918e-08" m01="0.00000000e+00" m02="-1.00000000e+00" m10="0.00000000e+00" m11="1.00000000e+00" m12="0.00000000e+00" m20="1.00000000e+00" m21="0.00000000e+00" m22="-4.37113918e-08" tx="-1.91478245e-02" ty="-8.75382006e-01" tz="-5.77572584e+00"/>
			<size x="1.00000001e-01" y="1.00000001e-01" z="2.00000003e-01"/>
		</button_panel>
		<button_panel name="window_low" body_index="0" texture="spaceship_window_low">
			<transform m00="-2.54098535e-01" m01="-5.61953941e-03" m02="9.67162132e-01" m10="9.56988752e-01" m11="1.43315434e-01" m12="2.52258420e-01" m20="-1.40026778e-01" m21="9.89661157e-01" m22="-3.10383998e-02" tx="-1.05651104e+00" ty="-3.56468230e-01" tz="-5.79470062e+00"/>
			<size x="5.50000012e-01" y="1.00000001e-01" z="3.49999994e-01"/>
		</button_panel>
		<button_panel name="window_low" body_index="0" texture="spaceship_window_low_2">
			<transform m00="-2.46909782e-01" m01="1.77563876e-02" m02="9.68876004e-01" m10="9.52731729e-01" m11="1.87101930e-01" m12="2.39366546e-01" m20="-1.77028194e-01" m21="9.82180059e-01" m22="-6.31143376e-02" tx="-1.23334253e+00" ty="-3.64743292e-01" tz="-5.15174103e+00"/>
			<size x="5.50000012e-01" y="1.00000001e-01" z="3.49999994e-01"/>
		</button_panel>
		<button_panel name="decal" body_index="0" texture="spaceship_front_side">
			<transform m00="-4.37113918e-08" m01="0.00000000e+00" m02="-1.00000000e+00" m10="0.00000000e+00" m11="1.00000000e+00" m12="0.00000000e+00" m20="1.00000000e+00" m21="0.00000000e+00" m22="-4.37113918e-08" tx="-2.87798166e-01" ty="-8.75382006e-01" tz="-5.40645266e+00"/>
			<size x="1.00000001e-01" y="1.00000001e-01" z="2.00000003e-01"/>
		</button_panel>
		<button_panel name="decal" body_index="0" texture="spaceship_decal">
			<transform m00="-4.37113918e-08" m01="0.00000000e+00" m02="-1.00000000e+00" m10="0.00000000e+00" m11="1.00000000e+00" m12="0.00000000e+00" m20="1.00000000e+00" m21="0.00000000e+00" m22="-4.37113918e-08" tx="-3.88272732e-01" ty="-8.75382006e-01" tz="-5.05255175e+00"/>
			<size x="1.00000001e-01" y="1.00000001e-01" z="1.00000001e-01"/>
		</button_panel>
		<button_panel name="small_decal" body_index="0" texture="spaceship_decal">
			<transform m00="8.79886895e-02" m01="1.19550126e-02" m02="-9.96049702e-01" m10="4.77235913e-01" m11="8.77194345e-01" m12="5.26863635e-02" m20="8.74359071e-01" m21="-4.79986608e-01" m22="7.14778230e-02" tx="-8.90947640e-01" ty="-6.77731037e-01" tz="-5.88777828e+00"/>
			<size x="1.00000001e-01" y="1.00000001e-01" z="1.00000001e-01"/>
		</button_panel>
		<button_panel name="decal" body_index="0" texture="spaceship_front_side">
			<transform m00="9.08392251e-01" m01="-4.17562366e-01" m02="2.15660911e-02" m10="4.14759248e-01" m11="9.06419098e-01" m12="7.98681453e-02" m20="-5.28978519e-02" m21="-6.36068806e-02" m22="9.96572077e-01" tx="-1.09375203e+00" ty="-6.36631131e-01" tz="-5.20283747e+00"/>
			<size x="1.00000001e-01" y="1.00000001e-01" z="2.00000003e-01"/>
		</button_panel>
		<button_panel name="decal" body_index="0" texture="spaceship_front_side">
			<transform m00="-9.36803997e-01" m01="3.49828571e-01" m02="4.27235570e-03" m10="3.49842668e-01" m11="9.36802149e-01" m12="3.24754277e-03" m20="-2.86626141e-03" m21="4.53697005e-03" m22="-9.99985516e-01" tx="-6.20838642e-01" ty="-8.35114360e-01" tz="-5.19257307e+00"/>
			<size x="1.00000001e-01" y="1.00000001e-01" z="2.00000003e-01"/>
		</button_panel>
		<button_panel name="decal" body_index="0" texture="spaceship_front_side">
			<transform m00="-8.30682635e-01" m01="-5.53570449e-01" m02="5.93806170e-02" m10="-5.49710095e-01" m11="8.32408965e-01" m12="7.00983703e-02" m20="-8.82333592e-02" m21="2.55873706e-02" m22="-9.95771050e-01" tx="2.23806763e+00" ty="-6.41654670e-01" tz="-5.89301729e+00"/>
			<size x="1.00000001e-01" y="1.00000001e-01" z="2.00000003e-01"/>
		</button_panel>
		<button_panel name="small_decal" body_index="0" texture="spaceship_decal">
			<transform m00="8.20971280e-02" m01="-3.80354524e-02" m02="9.95898247e-01" m10="-4.74610746e-01" m11="8.77194345e-01" m12="7.26265609e-02" m20="-8.76358688e-01" m21="-4.78626549e-01" m22="5.39631173e-02" tx="2.17555451e+00" ty="-6.76912785e-01" tz="-5.88809919e+00"/>
			<size x="1.00000001e-01" y="1.00000001e-01" z="1.00000001e-01"/>
		</button_panel>
		<button_panel name="window_low_l" body_index="0" texture="spaceship_window_low_l">
			<transform m00="-2.47596800e-01" m01="1.32098515e-02" m02="-9.68773305e-01" m10="-9.52425182e-01" m11="1.80092573e-01" m12="2.45874286e-01" m20="1.77716762e-01" m21="9.83560979e-01" m22="-3.20089385e-02" tx="2.54464316e+00" ty="-3.78223449e-01" tz="-5.12160349e+00"/>
			<size x="5.50000012e-01" y="1.00000001e-01" z="3.49999994e-01"/>
		</button_panel>
		<button_panel name="decal" body_index="0" texture="spaceship_front_side">
			<transform m00="-4.37113918e-08" m01="0.00000000e+00" m02="-1.00000000e+00" m10="0.00000000e+00" m11="1.00000000e+00" m12="0.00000000e+00" m20="1.00000000e+00" m21="0.00000000e+00" m22="-4.37113918e-08" tx="1.58664191e+00" ty="-8.75382006e-01" tz="-5.40719271e+00"/>
			<size x="1.00000001e-01" y="1.00000001e-01" z="2.00000003e-01"/>
		</button_panel>
		<button_panel name="decal" body_index="0" texture="spaceship_decal">
			<transform m00="-4.37113918e-08" m01="0.00000000e+00" m02="-1.00000000e+00" m10="0.00000000e+00" m11="1.00000000e+00" m12="0.00000000e+00" m20="1.00000000e+00" m21="0.00000000e+00" m22="-4.37113918e-08" tx="1.66819596e+00" ty="-8.75382006e-01" tz="-5.05255175e+00"/>
			<size x="1.00000001e-01" y="1.00000001e-01" z="1.00000001e-01"/>
		</button_panel>
		<button_panel name="decal" body_index="0" texture="spaceship_small_decal">
			<transform m00="1.00000000e+00" m01="0.00000000e+00" m02="-1.83758906e-15" m10="0.00000000e+00" m11="1.00000000e+00" m12="0.00000000e+00" m20="1.83758906e-15" m21="0.00000000e+00" m22="1.00000000e+00" tx="1.50025010e+00" ty="-8.75382006e-01" tz="-5.55875683e+00"/>
			<size x="1.00000001e-01" y="1.00000001e-01" z="1.00000001e-01"/>
		</button_panel>
		<button_panel name="decal" body_index="0" texture="spaceship_small_decal">
			<transform m00="1.00000000e+00" m01="0.00000000e+00" m02="-1.83758906e-15" m10="0.00000000e+00" m11="1.00000000e+00" m12="0.00000000e+00" m20="1.83758906e-15" m21="0.00000000e+00" m22="1.00000000e+00" tx="1.66884172e+00" ty="-8.75382006e-01" tz="-5.56153679e+00"/>
			<size x="1.00000001e-01" y="1.00000001e-01" z="1.00000001e-01"/>
		</button_panel>
		<button_panel name="decal" body_index="0" texture="spaceship_small_decal">
			<transform m00="1.00000000e+00" m01="0.00000000e+00" m02="-1.83758906e-15" m10="0.00000000e+00" m11="1.00000000e+00" m12="0.00000000e+00" m20="1.83758906e-15" m21="0.00000000e+00" m22="1.00000000e+00" tx="1.74256003e+00" ty="-8.78091156e-01" tz="-5.67647171e+00"/>
			<size x="1.00000001e-01" y="1.00000001e-01" z="1.00000001e-01"/>
		</button_panel>
		<button_panel name="decal" body_index="0" texture="spaceship_small_decal">
			<transform m00="1.00000000e+00" m01="0.00000000e+00" m02="-1.83758906e-15" m10="0.00000000e+00" m11="1.00000000e+00" m12="0.00000000e+00" m20="1.83758906e-15" m21="0.00000000e+00" m22="1.00000000e+00" tx="2.08099000e-02" ty="-8.78091156e-01" tz="-5.41301203e+00"/>
			<size x="1.00000001e-01" y="1.00000001e-01" z="1.00000001e-01"/>
		</button_panel>
		<button_panel name="decal" body_index="0" texture="spaceship_small_decal">
			<transform m00="1.00000000e+00" m01="0.00000000e+00" m02="-1.83758906e-15" m10="0.00000000e+00" m11="1.00000000e+00" m12="0.00000000e+00" m20="1.83758906e-15" m21="0.00000000e+00" m22="1.00000000e+00" tx="2.21373271e-02" ty="-8.75154853e-01" tz="-5.55337858e+00"/>
			<size x="1.00000001e-01" y="1.00000001e-01" z="1.00000001e-01"/>
		</button_panel>
		<button_panel name="decal" body_index="0" texture="spaceship_small_decal">
			<transform m00="1.00000000e+00" m01="0.00000000e+00" m02="-1.83758906e-15" m10="0.00000000e+00" m11="1.00000000e+00" m12="0.00000000e+00" m20="1.83758906e-15" m21="0.00000000e+00" m22="1.00000000e+00" tx="-2.09907770e-01" ty="-8.75382006e-01" tz="-5.55875683e+00"/>
			<size x="1.00000001e-01" y="1.00000001e-01" z="1.00000001e-01"/>
		</button_panel>
		<button_panel name="decal" body_index="0" texture="spaceship_small_decal">
			<transform m00="1.00000000e+00" m01="0.00000000e+00" m02="-1.83758906e-15" m10="0.00000000e+00" m11="1.00000000e+00" m12="0.00000000e+00" m20="1.83758906e-15" m21="0.00000000e+00" m22="1.00000000e+00" tx="-3.56471658e-01" ty="-8.75382006e-01" tz="-5.55875683e+00"/>
			<size x="1.00000001e-01" y="1.00000001e-01" z="1.00000001e-01"/>
		</button_panel>
		<button_panel name="decal" body_index="0" texture="spaceship_front_side">
			<transform m00="7.99565315e-01" m01="-6.00417256e-01" m02="1.39448829e-02" m10="5.97500682e-01" m11="7.97600269e-01" m12="8.26225877e-02" m20="-6.07304722e-02" m21="-5.77300861e-02" m22="9.96483266e-01" tx="-7.40366697e-01" ty="-7.35797107e-01" tz="-5.89785147e+00"/>
			<size x="1.00000001e-01" y="1.00000001e-01" z="2.00000003e-01"/>
		</button_panel>
		<button_panel name="decal" body_index="0" texture="spaceship_front_side">
			<transform m00="-8.72091532e-01" m01="4.89205807e-01" m02="-1.15770465e-02" m10="4.88854527e-01" m11="8.72033775e-01" m12="2.40228307e-02" m20="2.18476970e-02" m21="1.52906245e-02" m22="-9.99644279e-01" tx="-6.05064332e-01" ty="-8.37399662e-01" tz="-5.89549160e+00"/>
			<size x="1.00000001e-01" y="1.00000001e-01" z="2.00000003e-01"/>
		</button_panel>
		<button_panel name="decal" body_index="0" texture="spaceship_small_decal">
			<transform m00="-9.06340957e-01" m01="4.22336221e-01" m02="-1.33484248e-02" m10="4.21981663e-01" m11="9.06309724e-01" m12="2.30855793e-02" m20="2.18476970e-02" m21="1.52906245e-02" m22="-9.99644279e-01" tx="-6.08834147e-01" ty="-8.40038121e-01" tz="-5.72300196e+00"/>
			<size x="1.00000001e-01" y="1.00000001e-01" z="1.00000001e-01"/>
		</button_panel>
		<button_panel name="decal" body_index="0" texture="spaceship_small_decal">
			<transform m00="-8.51752818e-01" m01="5.23836553e-01" m02="-1.06028197e-02" m10="5.23487806e-01" m11="8.51680994e-01" m12="2.44684406e-02" m20="2.18476970e-02" m21="1.52906245e-02" m22="-9.99644279e-01" tx="-7.49699473e-01" ty="-7.66148746e-01" tz="-5.72495031e+00"/>
			<size x="1.00000001e-01" y="1.00000001e-01" z="1.00000001e-01"/>
		</button_panel>
		<button_panel name="decal" body_index="0" texture="spaceship_small_decal">
			<transform m00="1.00000000e+00" m01="0.00000000e+00" m02="0.00000000e+00" m10="0.00000000e+00" m11="4.99999970e-01" m12="8.66025448e-01" m20="0.00000000e+00" m21="-8.66025448e-01" m22="4.99999970e-01" tx="-2.09907770e-01" ty="-6.69624090e-01" tz="-6.14535952e+00"/>
			<size x="1.00000001e-01" y="1.00000001e-01" z="1.00000001e-01"/>
		</button_panel>
		<button_panel name="decal" body_index="0" texture="spaceship_small_decal">
			<transform m00="1.00000000e+00" m01="0.00000000e+00" m02="0.00000000e+00" m10="0.00000000e+00" m11="4.99999970e-01" m12="8.66025448e-01" m20="0.00000000e+00" m21="-8.66025448e-01" m22="4.99999970e-01" tx="1.48804057e+00" ty="-6.69624090e-01" tz="-6.14535952e+00"/>
			<size x="1.00000001e-01" y="1.00000001e-01" z="1.00000001e-01"/>
		</button_panel>
		<button_panel name="decal" body_index="0" texture="spaceship_small_decal">
			<transform m00="1.00000000e+00" m01="0.00000000e+00" m02="0.00000000e+00" m10="0.00000000e+00" m11="4.99999970e-01" m12="8.66025448e-01" m20="0.00000000e+00" m21="-8.66025448e-01" m22="4.99999970e-01" tx="1.25870299e+00" ty="-6.69624090e-01" tz="-6.14535952e+00"/>
			<size x="1.00000001e-01" y="1.00000001e-01" z="1.00000001e-01"/>
		</button_panel>
		<button_panel name="window_low_r" body_index="0" texture="spaceship_window_low_r">
			<transform m00="-2.38307223e-01" m01="-3.54876602e-03" m02="-9.71183300e-01" m10="-9.57975924e-01" m11="1.65255204e-01" m12="2.34462559e-01" m20="1.59661055e-01" m21="9.86244440e-01" m22="-4.27811444e-02" tx="2.40958285e+00" ty="-3.56218457e-01" tz="-5.67333174e+00"/>
			<size x="4.60000008e-01" y="1.00000001e-01" z="3.60000014e-01"/>
		</button_panel>
		<button_panel name="front_overhead_left" body_index="0" texture="spaceship_front_overhead_left">
			<transform m00="-1.00000000e+00" m01="8.26031723e-08" m02="2.86261947e-08" m10="-3.20816396e-09" m11="-3.61898988e-01" m12="9.32217479e-01" m20="8.73639010e-08" m21="9.32217360e-01" m22="3.61898929e-01" tx="8.85732055e-01" ty="9.74268615e-01" tz="-6.18894911e+00"/>
			<size x="7.50000000e-01" y="1.00000001e-01" z="3.79999995e-01"/>
		</button_panel>
		<button_panel name="front_overhead_right" body_index="0" texture="spaceship_front_overhead_right">
			<transform m00="-1.00000000e+00" m01="8.26031723e-08" m02="2.86261947e-08" m10="-3.20816396e-09" m11="-3.61898988e-01" m12="9.32217479e-01" m20="8.73639010e-08" m21="9.32217360e-01" m22="3.61898929e-01" tx="6.12518191e-02" ty="9.74014580e-01" tz="-6.18829441e+00"/>
			<size x="7.50000000e-01" y="1.00000001e-01" z="3.79999995e-01"/>
		</button_panel>
		<button_panel name="decal" body_index="0" texture="spaceship_front_side">
			<transform m00="1.55703059e-08" m01="9.34407055e-01" m02="3.56207043e-01" m10="4.08442311e-08" m11="-3.56207043e-01" m12="9.34407055e-01" m20="1.00000000e+00" m21="0.00000000e+00" m22="-4.37113918e-08" tx="1.47430170e+00" ty="1.01379776e+00" tz="-6.17293882e+00"/>
			<size x="1.00000001e-01" y="1.00000001e-01" z="2.00000003e-01"/>
		</button_panel>
		<button_panel name="main_above" body_index="0" texture="spaceship_main_above">
			<transform m00="-1.00000000e+00" m01="8.74227766e-08" m02="0.00000000e+00" m10="-8.74227766e-08" m11="-1.00000000e+00" m12="0.00000000e+00" m20="0.00000000e+00" m21="0.00000000e+00" m22="1.00000000e+00" tx="6.49991930e-01" ty="1.17603791e+00" tz="-5.59728861e+00"/>
			<size x="6.49999976e-01" y="1.00000001e-01" z="8.39999974e-01"/>
		</button_panel>
		<button_panel name="main_above_left" body_index="0" texture="spaceship_main_above_left">
			<transform m00="-1.00000000e+00" m01="8.74227766e-08" m02="0.00000000e+00" m10="-8.74227766e-08" m11="-1.00000000e+00" m12="0.00000000e+00" m20="0.00000000e+00" m21="0.00000000e+00" m22="1.00000000e+00" tx="1.27535737e+00" ty="1.17652011e+00" tz="-5.79225922e+00"/>
			<size x="5.50000012e-01" y="1.00000001e-01" z="4.30000007e-01"/>
		</button_panel>
		<button_panel name="main_above_right" body_index="0" texture="spaceship_main_above_right">
			<transform m00="-1.00000000e+00" m01="8.74227766e-08" m02="0.00000000e+00" m10="-8.74227766e-08" m11="-1.00000000e+00" m12="0.00000000e+00" m20="0.00000000e+00" m21="0.00000000e+00" m22="1.00000000e+00" tx="2.17496194e-02" ty="1.17648828e+00" tz="-5.79225922e+00"/>
			<size x="5.50000012e-01" y="1.00000001e-01" z="4.30000007e-01"/>
		</button_panel>
		<button_panel name="decal" body_index="0" texture="spaceship_front_side">
			<transform m00="4.37113918e-08" m01="1.38744298e-07" m02="1.00000000e+00" m10="9.17591639e-15" m11="-1.00000000e+00" m12="1.38744298e-07" m20="1.00000000e+00" m21="0.00000000e+00" m22="-4.37113918e-08" tx="1.60463238e+00" ty="1.16865146e+00" tz="-5.40719271e+00"/>
			<size x="1.00000001e-01" y="1.00000001e-01" z="2.00000003e-01"/>
		</button_panel>
		<button_panel name="decal" body_index="0" texture="spaceship_front_side">
			<transform m00="4.37113918e-08" m01="1.38744298e-07" m02="1.00000000e+00" m10="9.17591639e-15" m11="-1.00000000e+00" m12="1.38744298e-07" m20="1.00000000e+00" m21="0.00000000e+00" m22="-4.37113918e-08" tx="1.60463238e+00" ty="1.16865146e+00" tz="-5.07502604e+00"/>
			<size x="1.00000001e-01" y="1.00000001e-01" z="2.00000003e-01"/>
		</button_panel>
		<button_panel name="decal" body_index="0" texture="spaceship_front_side">
			<transform m00="4.37113918e-08" m01="1.38744298e-07" m02="1.00000000e+00" m10="9.17591639e-15" m11="-1.00000000e+00" m12="1.38744298e-07" m20="1.00000000e+00" m21="0.00000000e+00" m22="-4.37113918e-08" tx="-2.71611094e-01" ty="1.16865146e+00" tz="-5.07550383e+00"/>
			<size x="1.00000001e-01" y="1.00000001e-01" z="2.00000003e-01"/>
		</button_panel>
		<button_panel name="decal" body_index="0" texture="spaceship_front_side">
			<transform m00="4.37113918e-08" m01="1.38744298e-07" m02="1.00000000e+00" m10="9.17591639e-15" m11="-1.00000000e+00" m12="1.38744298e-07" m20="1.00000000e+00" m21="0.00000000e+00" m22="-4.37113918e-08" tx="-2.76430011e-01" ty="1.16865146e+00" tz="-5.39953566e+00"/>
			<size x="1.00000001e-01" y="1.00000001e-01" z="2.00000003e-01"/>
		</button_panel>
		<button_panel name="decal" body_index="0" texture="spaceship_small_decal">
			<transform m00="1.00000000e+00" m01="0.00000000e+00" m02="0.00000000e+00" m10="0.00000000e+00" m11="3.07245582e-01" m12="9.51630235e-01" m20="0.00000000e+00" m21="-9.51630235e-01" m22="3.07245582e-01" tx="1.18909276e+00" ty="2.88658381e-01" tz="-6.16427755e+00"/>
			<size x="1.00000001e-01" y="1.00000001e-01" z="1.00000001e-01"/>
		</button_panel>
		<button_panel name="decal" body_index="0" texture="spaceship_small_decal">
			<transform m00="1.00000000e+00" m01="0.00000000e+00" m02="0.00000000e+00" m10="0.00000000e+00" m11="3.07245582e-01" m12="9.51630235e-01" m20="0.00000000e+00" m21="-9.51630235e-01" m22="3.07245582e-01" tx="1.20106399e-01" ty="2.88658381e-01" tz="-6.16427755e+00"/>
			<size x="1.00000001e-01" y="1.00000001e-01" z="1.00000001e-01"/>
		</button_panel>
		<button_panel name="decal" body_index="0" texture="spaceship_small_decal">
			<transform m00="1.00000000e+00" m01="0.00000000e+00" m02="0.00000000e+00" m10="0.00000000e+00" m11="3.07245582e-01" m12="9.51630235e-01" m20="0.00000000e+00" m21="-9.51630235e-01" m22="3.07245582e-01" tx="6.41857803e-01" ty="2.88658381e-01" tz="-6.16427755e+00"/>
			<size x="1.00000001e-01" y="1.00000001e-01" z="1.00000001e-01"/>
		</button_panel>
		<button_panel name="decal" body_index="0" texture="spaceship_small_decal">
			<transform m00="1.00000000e+00" m01="0.00000000e+00" m02="0.00000000e+00" m10="0.00000000e+00" m11="3.07245582e-01" m12="9.51630235e-01" m20="0.00000000e+00" m21="-9.51630235e-01" m22="3.07245582e-01" tx="-4.78909552e-01" ty="2.68310964e-01" tz="-6.15770817e+00"/>
			<size x="1.00000001e-01" y="1.00000001e-01" z="1.00000001e-01"/>
		</button_panel>
		<button_panel name="decal" body_index="0" texture="spaceship_small_decal">
			<transform m00="1.00000000e+00" m01="0.00000000e+00" m02="0.00000000e+00" m10="0.00000000e+00" m11="3.07245582e-01" m12="9.51630235e-01" m20="0.00000000e+00" m21="-9.51630235e-01" m22="3.07245582e-01" tx="1.76610208e+00" ty="2.68283218e-01" tz="-6.15769911e+00"/>
			<size x="1.00000001e-01" y="1.00000001e-01" z="1.00000001e-01"/>
		</button_panel>
		<button_panel name="decal" body_index="0" texture="spaceship_small_decal">
			<transform m00="2.43284121e-01" m01="0.00000000e+00" m02="9.69955087e-01" m10="-9.47514474e-01" m11="2.13860065e-01" m12="2.37655580e-01" m20="-2.07434654e-01" m21="-9.76864338e-01" m22="5.20287566e-02" tx="2.34280968e+00" ty="-2.19937280e-01" tz="-6.02373600e+00"/>
			<size x="1.00000001e-01" y="1.00000001e-01" z="1.00000001e-01"/>
		</button_panel>
		<button_panel name="decal" body_index="0" texture="spaceship_small_decal">
			<transform m00="2.43284121e-01" m01="0.00000000e+00" m02="9.69955087e-01" m10="-9.47514474e-01" m11="2.13860065e-01" m12="2.37655580e-01" m20="-2.07434654e-01" m21="-9.76864338e-01" m22="5.20287566e-02" tx="2.32246566e+00" ty="-2.19937280e-01" tz="-6.10484648e+00"/>
			<size x="1.00000001e-01" y="1.00000001e-01" z="1.00000001e-01"/>
		</button_panel>
		<button_panel name="small_decal" body_index="0" texture="spaceship_decal">
			<transform m00="-2.58819014e-01" m01="8.22245809e-08" m02="-9.65925813e-01" m10="-9.52638984e-01" m11="1.65293306e-01" m12="2.55258828e-01" m20="1.59661099e-01" m21="9.86244440e-01" m22="-4.27809767e-02" tx="2.27570915e+00" ty="-5.02567470e-01" tz="-6.05196667e+00"/>
			<size x="1.00000001e-01" y="1.00000001e-01" z="1.00000001e-01"/>
		</button_panel>
		<button_panel name="left_keys" body_index="0" texture="spaceship_left_keys">
			<transform m00="-4.37113918e-08" m01="-4.37113883e-08" m02="1.00000000e+00" m10="-1.00000000e+00" m11="7.70371855e-09" m12="-4.37113883e-08" m20="-7.70371678e-09" m21="-1.00000000e+00" m22="-4.37113883e-08" tx="2.45158768e+00" ty="7.42777169e-01" tz="-3.73858905e+00"/>
			<size x="4.19999987e-01" y="1.00000001e-01" z="2.59999990e-01"/>
		</button_panel>
		<button_panel name="left_keys" body_index="0" texture="spaceship_left_arrows">
			<transform m00="-4.37113918e-08" m01="-4.37113883e-08" m02="1.00000000e+00" m10="-1.00000000e+00" m11="7.70371855e-09" m12="-4.37113883e-08" m20="-7.70371678e-09" m21="-1.00000000e+00" m22="-4.37113883e-08" tx="2.45231223e+00" ty="1.87082142e-01" tz="-4.23232937e+00"/>
			<size x="4.19999987e-01" y="1.00000001e-01" z="2.59999990e-01"/>
		</button_panel>
		<button_panel name="left_toggles" body_index="0" texture="spaceship_left_toggles">
			<transform m00="4.37113847e-08" m01="-4.37113918e-08" m02="-1.00000000e+00" m10="-1.00000000e+00" m11="7.70371855e-09" m12="-4.37113883e-08" m20="7.70372033e-09" m21="1.00000000e+00" m22="-4.37113918e-08" tx="2.46032643e+00" ty="1.64506823e-01" tz="-2.96350265e+00"/>
			<size x="9.49999988e-01" y="1.00000001e-01" z="2.59999990e-01"/>
		</button_panel>
		<button_panel name="left_indicators" body_index="0" texture="spaceship_left_indicators">
			<transform m00="-4.15703454e-08" m01="-1.35126585e-08" m02="-1.00000000e+00" m10="-2.67217875e-01" m11="9.63636160e-01" m12="-1.91294780e-09" m20="9.63636160e-01" m21="2.67217875e-01" m22="-4.36695089e-08" tx="2.41389513e+00" ty="-5.03393054e-01" tz="-4.23957014e+00"/>
			<size x="4.49999988e-01" y="1.00000001e-01" z="3.00000012e-01"/>
		</button_panel>
		<button_panel name="toggles" body_index="0" texture="spaceship_toggles">
			<transform m00="-4.15703454e-08" m01="-1.35126585e-08" m02="-1.00000000e+00" m10="-2.67217875e-01" m11="9.63636160e-01" m12="-1.91294780e-09" m20="9.63636160e-01" m21="2.67217875e-01" m22="-4.36695089e-08" tx="2.29619336e+00" ty="-5.32480359e-01" tz="-3.37536001e+00"/>
			<size x="4.49999988e-01" y="1.00000001e-01" z="1.00000001e-01"/>
		</button_panel>
		<button_panel name="toggles" body_index="0" texture="spaceship_toggles">
			<transform m00="1.28993122e-07" m01="-1.35126585e-08" m02="1.00000000e+00" m10="2.67217875e-01" m11="9.63636160e-01" m12="-2.14479812e-08" m20="-9.63636160e-01" m21="2.67217875e-01" m22="1.27913268e-07" tx="-1.00841773e+00" ty="-5.32480359e-01" tz="-3.37536001e+00"/>
			<size x="4.49999988e-01" y="1.00000001e-01" z="1.00000001e-01"/>
		</button_panel>
		<button_panel name="left_indicators" body_index="0" texture="spaceship_left_indicators">
			<transform m00="1.28993122e-07" m01="-1.35126585e-08" m02="1.00000000e+00" m10="2.67217875e-01" m11="9.63636160e-01" m12="-2.14479812e-08" m20="-9.63636160e-01" m21="2.67217875e-01" m22="1.27913268e-07" tx="-1.11725926e+00" ty="-5.05069435e-01" tz="-4.23957014e+00"/>
			<size x="4.49999988e-01" y="1.00000001e-01" z="3.00000012e-01"/>
		</button_panel>
		<button_panel name="decal" body_index="0" texture="spaceship_front_side">
			<transform m00="-4.37113883e-08" m01="1.00000000e+00" m02="8.74227766e-08" m10="1.00000000e+00" m11="4.37113883e-08" m12="3.82137093e-15" m20="0.00000000e+00" m21="8.74227766e-08" m22="-1.00000000e+00" tx="-1.07564557e+00" ty="7.14646816e-01" tz="-3.79286528e+00"/>
			<size x="1.00000001e-01" y="1.00000001e-01" z="2.00000003e-01"/>
		</button_panel>
		<button_panel name="decal" body_index="0" texture="spaceship_decal">
			<transform m00="1.91068568e-15" m01="4.37113918e-08" m02="-1.00000000e+00" m10="1.00000000e+00" m11="-4.37113883e-08" m12="0.00000000e+00" m20="-4.37113883e-08" m21="-1.00000000e+00" m22="-4.37113918e-08" tx="-1.07810485e+00" ty="7.58511901e-01" tz="-3.07352543e+00"/>
			<size x="1.00000001e-01" y="1.00000001e-01" z="1.00000001e-01"/>
		</button_panel>
		<button_panel name="decal" body_index="0" texture="spaceship_front_side">
			<transform m00="-4.37113883e-08" m01="-1.00000000e+00" m02="3.43024923e-15" m10="1.00000000e+00" m11="-4.37113883e-08" m12="1.51519480e-22" m20="0.00000000e+00" m21="3.43024923e-15" m22="1.00000000e+00" tx="-1.07686305e+00" ty="4.61369306e-01" tz="-3.47060943e+00"/>
			<size x="1.00000001e-01" y="1.00000001e-01" z="2.00000003e-01"/>
		</button_panel>
