<?xml version="1.0" encoding="UTF-8"?>
<data display_name_loc="0" bounding_radius="3.00000000e+00" lod_scale="1.00000000e+01" ai_type="1">
	<bodies>
		<body mass="1.00000000e+03" name="body" is_static="false">
			<transform m00="1.00000000e+00" m01="0.00000000e+00" m02="0.00000000e+00" m10="0.00000000e+00" m11="1.00000000e+00" m12="0.00000000e+00" m20="0.00000000e+00" m21="0.00000000e+00" m22="1.00000000e+00" tx="0.00000000e+00" ty="1.50000006e-01" tz="0.00000000e+00"/>
			<meshes/>
			<boxes>
				<box>
					<size x="5.00000000e-01" y="4.00000006e-01" z="8.00000012e-01"/>
					<transform m00="1.00000000e+00" m01="0.00000000e+00" m02="0.00000000e+00" m10="0.00000000e+00" m11="1.00000000e+00" m12="0.00000000e+00" m20="0.00000000e+00" m21="0.00000000e+00" m22="1.00000000e+00" tx="0.00000000e+00" ty="5.00000007e-02" tz="0.00000000e+00"/>
				</box>
			</boxes>
			<spheres/>
		</body>
	</bodies>
	<constraints/>
	<meshes>
		<mesh file="meshes/vehicles/boston_dog/boston_dog_body.mesh" name="main body" lod="0" body="0" is_paint_dirt="true">
			<transform m00="1.00000000e+00" m01="0.00000000e+00" m02="0.00000000e+00" m10="0.00000000e+00" m11="1.00000000e+00" m12="0.00000000e+00" m20="0.00000000e+00" m21="0.00000000e+00" m22="1.00000000e+00" tx="0.00000000e+00" ty="0.00000000e+00" tz="0.00000000e+00"/>
		</mesh>
		<mesh file="meshes/vehicles/boston_dog/boston_dog_leg_top_left.mesh" name="leg_front_left_upper" lod="0" body="0" is_paint_dirt="true">
			<transform m00="-2.58819073e-01" m01="8.36516261e-01" m02="4.82962906e-01" m10="-9.65925813e-01" m11="-2.24143893e-01" m12="-1.29409537e-01" m20="0.00000000e+00" m21="-4.99999970e-01" m22="8.66025329e-01" tx="-2.23319620e-01" ty="-7.29669333e-02" tz="2.41503179e-01"/>
		</mesh>
		<mesh file="meshes/vehicles/boston_dog/boston_dog_leg_top_right.mesh" name="leg_front_right_upper" lod="0" body="0" is_paint_dirt="true">
			<transform m00="-2.58819073e-01" m01="-8.36516261e-01" m02="-4.82962906e-01" m10="9.65925813e-01" m11="-2.24143893e-01" m12="-1.29409537e-01" m20="0.00000000e+00" m21="-4.99999970e-01" m22="8.66025329e-01" tx="2.19070196e-01" ty="-7.30000138e-02" tz="2.41999999e-01"/>
		</mesh>
		<mesh file="meshes/vehicles/boston_dog/boston_dog_leg_top_right.mesh" name="leg_back_right_upper" lod="0" body="0" is_paint_dirt="true">
			<transform m00="-2.58819073e-01" m01="-8.36516261e-01" m02="-4.82962906e-01" m10="9.65925813e-01" m11="-2.24143893e-01" m12="-1.29409537e-01" m20="0.00000000e+00" m21="-4.99999970e-01" m22="8.66025329e-01" tx="2.19070196e-01" ty="-7.30000138e-02" tz="-2.76066124e-01"/>
		</mesh>
		<mesh file="meshes/vehicles/boston_dog/boston_dog_leg_top_left.mesh" name="leg_back_left_upper" lod="0" body="0" is_paint_dirt="true">
			<transform m00="-2.58819073e-01" m01="8.36516261e-01" m02="4.82962906e-01" m10="-9.65925813e-01" m11="-2.24143893e-01" m12="-1.29409537e-01" m20="0.00000000e+00" m21="-4.99999970e-01" m22="8.66025329e-01" tx="-2.23319620e-01" ty="-7.29669333e-02" tz="-2.75999993e-01"/>
		</mesh>
		<mesh file="meshes/vehicles/boston_dog/boston_dog_leg_bottom.mesh" name="leg_front_right_lower" lod="0" body="0" is_paint_dirt="true">
			<transform m00="-3.34936827e-02" m01="-4.82962877e-01" m02="8.75000000e-01" m10="9.91025388e-01" m11="-1.29409522e-01" m12="-3.34936082e-02" m20="1.29409507e-01" m21="8.66025388e-01" m22="4.82962847e-01" tx="1.50668278e-01" ty="-2.20155954e-01" tz="1.54122755e-01"/>
		</mesh>
		<mesh file="meshes/vehicles/boston_dog/boston_dog_leg_bottom.mesh" name="leg_front_left_lower" lod="0" body="0" is_paint_dirt="true">
			<transform m00="9.26475823e-02" m01="-4.75175112e-01" m02="8.75000000e-01" m10="9.90750670e-01" m11="1.31496251e-01" m12="-3.34936082e-02" m20="-9.91438776e-02" m21="8.70009899e-01" m22="4.82962847e-01" tx="-1.56945199e-01" ty="-2.20155954e-01" tz="1.54122755e-01"/>
		</mesh>
		<mesh file="meshes/vehicles/boston_dog/boston_dog_leg_bottom.mesh" name="leg_back_left_lower" lod="0" body="0" is_paint_dirt="true">
			<transform m00="9.26475823e-02" m01="-4.75175112e-01" m02="8.75000000e-01" m10="9.90750670e-01" m11="1.31496251e-01" m12="-3.34936082e-02" m20="-9.91438776e-02" m21="8.70009899e-01" m22="4.82962847e-01" tx="-1.56945199e-01" ty="-2.20155954e-01" tz="-3.49195004e-01"/>
		</mesh>
		<mesh file="meshes/vehicles/boston_dog/boston_dog_leg_bottom.mesh" name="leg_back_right_lower" lod="0" body="0" is_paint_dirt="true">
			<transform m00="-3.34936827e-02" m01="-4.82962877e-01" m02="8.75000000e-01" m10="9.91025388e-01" m11="-1.29409522e-01" m12="-3.34936082e-02" m20="1.29409507e-01" m21="8.66025388e-01" m22="4.82962847e-01" tx="1.50668278e-01" ty="-2.20155954e-01" tz="-3.49000007e-01"/>
		</mesh>
	</meshes>
	<wheels>
		<wheel steerable="true" stiffness="1.20000000e+01" damping="1.00000000e+02" suspension_length="3.00000012e-01" relax_rate="5.00000007e-02" grip="1.00000000e+02" radius="1.50000006e-01" name="wheel_front_left" acceleration="1.00000000e+01">
			<pos x="-2.50000000e-01" y="0.00000000e+00" z="2.50000000e-01"/>
		</wheel>
		<wheel steerable="false" stiffness="1.20000000e+01" damping="1.00000000e+02" suspension_length="3.00000012e-01" relax_rate="5.00000007e-02" grip="1.00000000e+02" radius="1.50000006e-01" name="wheel_back_left" acceleration="1.00000000e+01">
			<pos x="-2.50000000e-01" y="0.00000000e+00" z="-2.50000000e-01"/>
		</wheel>
		<wheel steerable="true" stiffness="1.20000000e+01" damping="1.00000000e+02" suspension_length="3.00000012e-01" relax_rate="5.00000007e-02" grip="1.00000000e+02" radius="1.50000006e-01" name="wheel_front_right" acceleration="1.00000000e+01">
			<pos x="2.50000000e-01" y="0.00000000e+00" z="2.50000000e-01"/>
		</wheel>
		<wheel steerable="false" stiffness="1.20000000e+01" damping="1.00000000e+02" suspension_length="3.00000012e-01" relax_rate="5.00000007e-02" grip="1.00000000e+02" radius="1.50000006e-01" name="wheel_back_right" acceleration="1.00000000e+01">
			<pos x="2.50000000e-01" y="0.00000000e+00" z="-2.50000000e-01"/>
		</wheel>
	</wheels>
	<attachments>
		<attachment name="attachment" type="0">
			<transform m00="7.07477272e-01" m01="-1.00955017e-01" m02="6.99488401e-01" m10="-1.15170471e-01" m11="9.60045397e-01" m12="2.55046248e-01" m20="-6.97288811e-01" m21="-2.60999829e-01" m22="6.67583287e-01" tx="1.38769054e+00" ty="5.46115279e-01" tz="-1.26458001e+00"/>
		</attachment>
	</attachments>
	<force_emitters/>
	<control_surfaces/>
	<projectile_emitters/>
	<cameras/>
	<buoyancys/>
	<vehicle_attachments/>
	<lights/>
	<seats/>
	<button_panels/>
	<buttons/>
	<indicators/>
	<achievements/>
	<dials/>
	<screens/>
	<doors/>
	<graph_nodes/>
	<graph_links/>
	<foam_emitters/>
	<particle_emitters/>
	<sensors>
		<sensor name="sensor_front_left" body_index="0" start="0.00000000e+00" length="6.49999976e-01">
			<transform m00="9.65925813e-01" m01="-2.50000030e-01" m02="6.69872835e-02" m10="0.00000000e+00" m11="2.58818984e-01" m12="9.65925872e-01" m20="-2.58819073e-01" m21="-9.33012724e-01" m22="2.49999940e-01" tx="-2.00000003e-01" ty="0.00000000e+00" tz="2.50000000e-01"/>
		</sensor>
		<sensor name="sensor_back_left" body_index="0" start="0.00000000e+00" length="6.49999976e-01">
			<transform m00="9.65925813e-01" m01="-2.50000000e-01" m02="-6.69872835e-02" m10="-3.52565230e-08" m11="-2.58819133e-01" m12="9.65925813e-01" m20="-2.58819044e-01" m21="-9.33012664e-01" m22="-2.50000089e-01" tx="-2.00000003e-01" ty="0.00000000e+00" tz="-3.00000012e-01"/>
		</sensor>
		<sensor name="sensor_back_right" body_index="0" start="0.00000000e+00" length="6.49999976e-01">
			<transform m00="9.65925813e-01" m01="2.50000000e-01" m02="6.69872910e-02" m10="-6.69872984e-02" m11="-8.51850584e-03" m12="9.97717440e-01" m20="2.50000000e-01" m21="-9.68208313e-01" m22="8.51856824e-03" tx="2.00000003e-01" ty="0.00000000e+00" tz="-3.00000012e-01"/>
		</sensor>
		<sensor name="sensor_front_right" body_index="0" start="0.00000000e+00" length="6.49999976e-01">
			<transform m00="9.65925813e-01" m01="2.50000000e-01" m02="-6.69873059e-02" m10="0.00000000e+00" m11="2.58819073e-01" m12="9.65925813e-01" m20="2.58819044e-01" m21="-9.33012664e-01" m22="2.50000030e-01" tx="2.00000003e-01" ty="0.00000000e+00" tz="2.50000000e-01"/>
		</sensor>
	</sensors>
	<splash_emitters/>
	<holomaps/>
	<damage_zones/>
	<audio_zones/>
	<nav_meshes/>
</data>

